1.99976 0.00990336  -0.009903
1.99782 0.00992236  -0.009922
1.99396 0.0099605  -0.009961
1.98816 0.0100181  -0.010018
1.98044 0.0100955  -0.010096
1.9708 0.0101935  -0.010193
1.95926 0.0103127  -0.010313
1.94582 0.0104542  -0.010454
1.9305 0.010619  -0.010619
1.91332 0.0108085  -0.010809
1.89428 0.0110245  -0.011024
1.8734 0.0112687  -0.011269
1.85072 0.0115435  -0.011543
1.82625 0.0118512  -0.011851
1.80001 0.0121951  -0.012195
1.77202 0.0125784  -0.012578
1.74233 0.0130052  -0.013005
1.71094 0.0134801  -0.013480
1.67791 0.0140087  -0.014009
1.64324 0.0145972  -0.014597
1.60699 0.015253  -0.015253
1.56919 0.015985  -0.015985
1.52987 0.0168033  -0.016803
1.48906 0.0177203  -0.017720
1.44682 0.0187505  -0.018750
1.40317 0.0199114  -0.019911
1.35817 0.0212243  -0.021224
1.31186 0.0227148  -0.022715
1.26427 0.0244143  -0.024414
1.21547 0.0263616  -0.026362
1.16548 0.0286052  -0.028605
1.11437 0.0312056  -0.031206
1.06218 0.0342398  -0.034240
1.00897 0.0378068  -0.037807
0.954773 0.0420348  -0.042035
0.899657 0.047093  -0.047093
0.84367 0.0532071  -0.053207
0.786867 0.0606833  -0.060683
0.729303 0.0699444  -0.069944
0.671033 0.0815851  -0.081585
0.612115 0.096459  -0.096459
0.552603 0.115818  -0.115818
0.492558 0.141536  -0.141536
0.432036 0.17648  -0.176480
0.371096 0.225083  -0.225083
0.309796 0.294174  -0.294174
0.248198 0.393693  -0.393693
0.186359 0.535264  -0.535264
0.124339 0.721237  -0.721237
0.0621997 0.91181  -0.911810
1.22465e-16 1  -1.000000
-0.0621997 0.91181  -0.911810
-0.124339 0.721237  -0.721237
-0.186359 0.535264  -0.535264
-0.248198 0.393693  -0.393693
-0.309796 0.294174  -0.294174
-0.371096 0.225083  -0.225083
-0.432036 0.17648  -0.176480
-0.492558 0.141536  -0.141536
-0.552603 0.115818  -0.115818
-0.612115 0.096459  -0.096459
-0.671033 0.0815851  -0.081585
-0.729303 0.0699444  -0.069944
-0.786867 0.0606833  -0.060683
-0.84367 0.0532071  -0.053207
-0.899657 0.047093  -0.047093
-0.954773 0.0420348  -0.042035
-1.00897 0.0378068  -0.037807
-1.06218 0.0342398  -0.034240
-1.11437 0.0312056  -0.031206
-1.16548 0.0286052  -0.028605
-1.21547 0.0263616  -0.026362
-1.26427 0.0244143  -0.024414
-1.31186 0.0227148  -0.022715
-1.35817 0.0212243  -0.021224
-1.40317 0.0199114  -0.019911
-1.44682 0.0187505  -0.018750
-1.48906 0.0177203  -0.017720
-1.52987 0.0168033  -0.016803
-1.56919 0.015985  -0.015985
-1.60699 0.015253  -0.015253
-1.64324 0.0145972  -0.014597
-1.67791 0.0140087  -0.014009
-1.71094 0.0134801  -0.013480
-1.74233 0.0130052  -0.013005
-1.77202 0.0125784  -0.012578
-1.80001 0.0121951  -0.012195
-1.82625 0.0118512  -0.011851
-1.85072 0.0115435  -0.011543
-1.8734 0.0112687  -0.011269
-1.89428 0.0110245  -0.011024
-1.91332 0.0108085  -0.010809
-1.9305 0.010619  -0.010619
-1.94582 0.0104542  -0.010454
-1.95926 0.0103127  -0.010313
-1.9708 0.0101935  -0.010193
-1.98044 0.0100955  -0.010096
-1.98816 0.0100181  -0.010018
-1.99396 0.0099605  -0.009961
-1.99782 0.00992236  -0.009922
